1000 459
1 370
0 920
0 920
0 400
1 490
0 20
0 40
1 220
0 880
1 20
0 920
1 290
1 60
0 790
0 820
1 970
1 630
1 760
1 860
0 670
0 220
0 840
0 170
1 920
0 70
1 80
0 340
1 310
0 250
0 990
0 130
1 550
1 690
0 430
1 380
0 300
0 190
0 240
0 640
0 570
1 610
0 590
1 910
0 710
1 120
0 540
1 810
0 920
0 290
1 750
0 940
1 250
1 570
1 230
0 980
0 300
0 190
0 10
1 910
0 890
1 900
1 230
0 320
1 310
1 100
1 880
1 320
1 190
1 610
1 250
0 510
0 780
1 460
0 370
1 260
1 220
0 440
1 160
1 100
0 870
0 110
1 670
0 980
0 990
1 640
0 480
0 710
0 950
0 490
0 890
1 960
1 530
0 380
0 990
0 960
1 150
1 680
0 600
0 80
0 390
0 380
1 920
1 880
1 380
0 270
0 200
0 720
1 430
0 350
1 790
0 800
1 660
1 60
1 640
0 80
1 650
0 160
0 280
0 290
1 230
1 680
1 240
1 110
1 120
1 500
0 370
1 130
1 850
0 50
1 150
0 640
1 70
1 480
0 250
0 440
1 180
1 310
0 710
1 690
1 880
1 40
0 800
1 350
0 740
1 1000
0 850
0 890
1 340
1 740
0 950
1 910
1 180
0 160
1 300
1 480
0 670
1 640
1 910
1 120
0 210
1 370
1 430
0 510
0 740
1 570
0 600
0 320
0 10
1 800
1 480
0 590
1 480
1 830
1 210
0 30
0 480
0 970
0 730
1 720
1 940
1 680
1 270
1 200
0 570
1 490
0 570
1 350
0 920
0 140
0 430
1 440
0 410
1 420
1 410
1 770
0 390
1 480
0 660
1 830
0 490
0 520
0 810
0 990
0 910
0 820
1 100
0 260
1 980
1 950
1 940
0 60
1 920
1 970
1 570
0 290
1 90
0 440
0 200
0 400
0 470
0 630
1 680
0 440
0 460
1 1000
1 580
0 80
0 370
1 460
1 290
1 680
0 870
0 850
1 660
0 340
1 770
0 370
0 1000
0 700
0 530
1 680
1 550
1 120
0 330
0 900
0 890
0 530
0 530
0 960
1 510
0 520
1 360
1 420
1 400
0 910
1 600
1 710
1 370
0 570
0 10
0 30
1 260
0 600
0 620
1 730
1 340
0 470
0 170
0 400
0 950
1 790
1 710
1 650
0 290
1 570
1 150
1 780
1 570
1 100
0 80
0 290
0 130
1 290
0 690
1 130
0 760
1 450
0 440
1 630
1 870
1 590
1 900
1 570
0 680
0 550
0 860
1 400
1 230
0 530
0 130
1 870
0 160
1 480
1 410
0 200
0 150
0 380
1 770
0 460
1 230
0 40
1 520
1 330
1 430
0 670
0 110
0 190
1 430
0 230
1 10
0 920
1 250
1 40
0 1000
0 340
0 910
0 990
0 1000
0 690
0 610
1 720
1 640
1 860
0 330
1 510
1 740
0 970
0 950
1 940
1 790
0 220
1 60
0 400
0 1000
1 660
1 350
1 230
0 180
0 570
1 810
0 960
1 750
1 210
1 840
1 630
0 930
1 340
0 940
1 810
0 340
0 560
1 480
0 10
0 260
0 380
1 290
0 290
0 800
1 380
1 30
1 130
1 840
1 560
1 690
1 450
1 790
0 720
1 400
1 440
1 120
0 730
1 250
1 200
1 910
1 120
1 330
1 610
1 520
0 380
0 470
0 610
1 530
0 20
0 290
0 960
1 350
0 80
0 790
0 40
1 160
0 180
0 470
0 830
0 490
1 960
1 410
1 430
0 330
0 380
0 500
0 500
0 250
1 500
0 660
0 940
0 800
1 140
0 120
0 720
0 810
0 520
1 740
1 670
1 270
0 410
1 710
0 230
1 760
0 850
1 280
1 640
1 390
1 230
0 90
0 70
0 580
1 500
0 360
1 810
0 520
0 280
0 360
0 60
0 450
0 760
1 270
1 540
1 40
0 930
0 30
0 510
0 330
1 900
1 920
0 100
1 30
0 10
0 760
1 270
1 770
0 800
0 290
1 110
1 30
1 870
1 510
1 330
0 820
1 700
0 640
1 220
0 700
1 440
1 740
0 830
1 690
0 240
0 140
0 560
1 170
0 990
0 560
0 250
1 910
1 100
0 360
0 760
0 930
0 930
0 180
0 210
1 90
1 540
0 780
0 340
0 530
1 10
1 770
0 650
1 270
0 510
1 160
1 70
1 160
0 40
1 290
1 480
0 240
1 510
1 330
0 920
1 510
0 990
0 800
1 620
1 920
1 240
1 960
0 270
1 330
1 690
0 260
1 570
1 490
1 980
0 470
1 190
0 650
1 270
1 460
0 340
1 60
0 660
0 400
0 850
1 320
1 630
0 150
1 70
1 1000
0 600
0 460
0 110
1 100
1 130
1 200
0 740
0 860
1 740
1 700
1 580
0 380
0 830
1 10
1 530
1 980
1 750
1 910
0 410
1 410
1 840
0 460
1 490
1 710
0 830
1 490
0 60
1 140
0 590
1 610
1 350
0 420
0 880
0 210
1 260
0 670
0 170
0 470
1 560
0 960
0 290
0 760
0 20
1 750
0 920
1 100
0 40
1 630
0 630
1 100
0 830
1 330
0 760
1 80
1 880
0 310
1 830
1 370
0 860
0 60
0 510
0 100
1 680
0 130
0 350
1 590
0 50
1 100
1 280
1 630
1 710
0 700
0 450
1 440
1 120
0 380
1 10
1 900
0 110
1 310
1 950
0 220
0 730
0 60
1 690
1 220
0 340
1 980
1 490
1 140
1 440
0 210
1 670
0 410
0 310
1 100
0 410
1 650
1 550
0 450
0 920
0 320
1 30
0 910
0 870
1 580
1 960
0 300
1 780
1 160
0 970
0 250
1 900
0 520
1 850
0 680
0 710
0 120
0 390
1 400
1 270
1 200
0 120
0 350
0 880
0 710
0 780
0 930
0 90
0 300
1 330
0 250
1 140
0 220
0 350
1 100
1 570
0 70
0 470
1 640
1 430
1 460
1 40
0 660
1 490
1 370
1 150
1 610
0 650
0 130
1 300
0 10
0 890
0 810
1 750
0 540
0 600
1 510
0 40
1 760
0 100
1 900
1 570
1 290
1 810
1 470
1 160
1 820
0 300
0 240
1 210
0 370
1 890
0 1000
0 960
0 800
1 770
0 690
0 790
0 50
1 370
0 260
1 850
0 950
0 990
1 720
0 680
1 540
1 530
0 70
1 530
0 80
0 70
1 690
0 140
1 110
0 750
1 1000
1 820
1 170
0 70
0 890
1 400
1 210
0 400
1 410
0 780
1 430
0 650
0 90
1 180
1 100
0 270
1 790
0 950
0 490
1 170
0 960
0 650
1 610
1 610
0 410
0 310
1 170
1 960
1 120
1 50
0 650
0 610
0 900
0 450
0 320
0 520
0 890
1 730
0 470
1 160
1 490
0 580
1 880
1 610
0 700
1 260
1 730
1 280
1 750
0 410
0 570
0 700
1 530
0 700
1 330
1 560
0 150
1 170
1 320
1 110
0 420
0 760
0 440
0 870
0 370
1 120
0 400
1 330
1 270
1 920
1 280
0 620
0 630
0 200
0 100
1 660
0 940
0 140
0 400
1 60
0 160
0 630
1 610
0 220
0 590
1 710
1 510
0 800
0 60
1 550
0 440
1 220
0 90
1 900
1 340
1 220
0 20
0 280
0 440
0 200
1 160
0 140
0 830
0 500
0 460
0 130
1 620
1 880
0 900
0 200
1 920
1 650
0 780
0 980
1 330
0 750
0 430
1 230
0 150
1 820
1 140
0 920
1 540
0 880
1 80
0 670
0 690
0 170
0 240
1 920
1 190
0 410
0 120
1 30
0 750
1 450
0 520
1 760
1 730
0 500
0 110
1 180
0 810
1 550
0 560
1 180
1 210
1 420
1 10
1 570
1 950
0 660
0 660
1 770
0 100
1 930
0 510
1 180
1 420
0 780
1 260
1 310
1 120
0 700
0 360
1 530
1 480
1 990
1 550
0 620
1 1000
1 220
1 740
1 60
0 930
0 150
1 600
1 70
0 440
0 710
1 100
1 380
1 490
1 850
1 990
1 640
1 600
0 70
1 470
1 960
0 300
0 690
1 680
1 890
0 100
1 340
1 80
0 130
1 940
1 870
1 450
1 700
1 890
1 770
1 610
0 810
1 350
1 790
1 500
0 350
0 340
1 680
0 590
1 640
0 390
0 280
1 870
1 420
0 730
1 210
1 920
0 580
0 890
1 300
0 390
1 630
1 950
1 90
0 550
1 880
0 580
0 130
1 770
1 740
0 980
0 680
1 300
0 860
0 940
1 670
0 80
1 460
1 110
1 290
0 80
0 80
0 460
0 10
1 1000
0 660
0 560
1 390
0 580
1 340
0 120
1 670
1 570
1 870
1 690
0 520
0 510
0 920
1 930
